00000000000000000000000000000000000000000000000000010000000000000000000000000000000000000000000000000
00010101010101001010101010101010101010101011101010011010111010101010101010101010101010010101010101000
01010101010101001010101010101010101010101000101010011010100010101010101010101010101010010101010101010
01010101010101001010101010101010101010101110101010011010101110101010101010101010101010010101010101010
01010101010101001010101010101010101010100010101010011010101000101010101010101010101010010101010101010
01010101010101001010101010101010101010111010101010011010101011101010101010101010101010010101010101010
11010101010101001010101010101010101010001010101010011010101010001010101010101010101010010101010101011
00010101010101001010101010101010101011101010101011011010101010111010101010101010101010010101010101000
11110101010101001010101010101010101000101010101000010010101010100010101010101010101010010101010101111
00000101010101001010101010101010101110101010101110011110101010101110101010101010101010010101010100000
11111101010101001010101010100010100010101010100010011000101010101000101000101010101010010101010111111
00000001010101001010101010101110111010101010111010011011101010101011101110101010101010010101010000000
11111111010101001010101010101000001010101010001010011010001010101010000010101010101010010101011111111
00000000010101001010101010101011101010101011101010011010111010101010111010101010101010010101000000000
11111111110101001010101010101000001010101000101010011010100010101010000010101010101010010101111111111
00000000000101001010101010101110111010101110101010011010101110101011101110101010101010010100000000000
11111111111101001010101010100010100010100010101010011010101000101000101000101010101010010111111111111
00000000000001001010101010101010101110111010101010011010101011101110101010101010101010010000000000000
11111111111111001010101010101010101000001010101010011010101010000010101010101010101010011111111111111
00000000000000001010101010101010101011101010101010011010101010111010101010101010101010000000000000000
11111111111111111010101010101010101010101010101010011010101010101010101010101010101011111111111111111
00000000000000000010101010101010101010101010101010011010101010101010101010101010101000000000000000000
11111111111111111110101011101010101010101010101010011010101010101010101010111010101111111111111111111
00000000000000000000101000001010101010101010101010011010101010101010101010000010100000000000000000000
11111111111111111111101111111010101010101010101010011010101010101010101011111110111111111111111111111
00000000000000000000000000000010100010101010101010011010101010101000101000000000000000000000000000000
11110111111111111111101111111110111110101010101010011010101010101111101111111110111111111111111101111
00000000000000000000000000000000000000000000000000010000000000000000000000000000000000000000000000000
11111111111111111111111111111111111111111111111111011111111111111111111111111111111111111111111111111
00000000000000000000000000000000000000000000000000010000000000000000000000000000000000000000000000000
00000000000000000000000000000000000000000000000000010000000000000000000000000000000000000000000000000
00000000000000000000000000000000000000000000000000010000000000000000000000000000000000000000000000000
00000000000000000000000000000000000000000000000000010000000000000000000000000000000000000000000000000
00000000000000000000000000000000000000000000000000010000000000000000000000000000000000000000000000000
11111111111111111101010111011101110000000000000000010000000000000001110111011101010111111111111111111
00000000000000000101010101010101010000000000000000010000000000000001010101010101010100000000000000000
11111111111111110101010101010101010000000000000000010000000000000001010101010101010111111111111111111
00000000000000010101010101010101010000000000000000010000000000000001010101010101010111000000000000000
11111111111111010101010101010101010000000000000000010000000000000001010101010101010111111111111111111
00000000000001010101010101010101010000000000000000010000000000000001010101010101010111110000000000000
01111111111101010101010101010101010000000000000000010000000000000001010101010101010111111111111111110
01000000000101010101010101010101010000000000000000010000000000000001010101010101010111111100000000110
01011111110101010101010101010101010000000000000000010000000000000001010101010101010111111111111111110
01010000010101010101010101010101010000000000000000010000000000000001010101010101010111111111000011110
01010111010101011101010101010101010000000000000000010000000000000001010101010101011111111111111111110
01010101010101000001010101010101010000000000000000010000000000000001010101010101010000111111111111110
01010101010101111111010101010101010000000000000000010000000000000001010101010101011111111111111111110
01010101010100000000010101010101010000000000000000010000000000000001010101010101000000001111111111110
11111101111111111111111111111111111111111111111111011111111111111111111111111111111111111111111111111
00010101010000000000000101010101010000000000000000010000000000000001010101010100000000000011111111000
11110101011111111111111101110111011111111111111110011111111111111111011101110111111111111111111111111
00010101010000000000000101010101010000000000000000010000000000000001010101010100000000000001111101000
11111101111111111111111111111111111111111111111111111111111111111111111111111111111111111111111111111
01010101010100000000010101010101010000000000000000000000000000000001010101010101000000000101010101010
01010101010101111111010101010101010000000000000000011111111111111111111111111111111111111111111111110
01010101010101000001010101010101010000000000000000010000000000000001010101010101110000010101010101010
01010111010101011101010101010101010000000000000000010111111111111111111111111111111111111111111111110
01010000010101010101010101010101010000000000000000010100000000000001010101010111111101010101000001010
01011111110101010101010101010101010000000000000000010101111111111111111111111111111111111111111111110
01000000000101010101010101010101010000000000000000010101000000000001010101111111111111010100000000010
01111111111101010101010101010101010000000000000000010101011111110111111111111111111111111111111111110
00000000000001010101010101010101010000000000000000010101010000000001010111111111111111110000000000000
11111111111111010101010101010101010000000000000000010100000101111111111111111111111111111111111111111
00000000000000010101010101010101010000000000000000010101010101000001010111111111111111000000000000000
11111111111111110101010101010101010000000000000000010101010101110111111111111111111111111111111111111
00000000000000000101010101010101010000000000000000010101010100000001010101111111111110101010000000000
11111111111111111101010111011101110000000000000000010101010111110111111111111111111111111111111111111
00000000000000000000000000000000000000000000000000010101010000000000100000101010101010000000000000000
00000000000000000000000000000000000000000000000000010101011111111110101111101010101011111011101111110
00000000000000000000000000000000000000000000000000010101000000000000101000001010100000001010101000000
00000000000000000000000000000000000000000000000000010101111111111111101011111010111111111011101111110
00000000000000000000000000000000000000000000000000010100000000000000000000000010000000000000000000000
11111111111111111111111111111111111111111111111111111111111111111111111111111111111111111111111111111
00000000000000000000000000000000000000000000000000000000000000000000000000000000000000000000000000000
11110111111111111111101111111110111110101010101010101010101010101111101111111111111111111111111111111
00000000000000000000000000000010100010101010101010101010101010101010101010000000000000000000000000000
11111111111111111111101111111010101010101010101010101010101010101010101011111110111111111111111111111
00000000000000000000101000001010101010101010101010101010101010101010101010100010100000000000000000000
11111111111111111110101011101010101010101010101010101010101010101010101110111010101111111111111111111
00000000000000000010101010101010101010101010101010101010101010101010101010101010101000000000000000000
11111111111111111010101010101010101010101010101010101010101010101010101110101010101011111111111111111
00000000000000001010101010101010101011101010101010101010101010111010101010101010101010000000000000000
11111111111111001010101010101010101000001010101010101010101010101011101110111110101010111111111111111
00000000000001001010101010101010101110111010101010101010101011101110101010101010101010110000000000000
11111111111101001010101010100010100010100010101010101010101010101011101110111110101010111111111111111
00000000000101001010101010101110111010101110101010101010101110101011101110101010101010111100000000000
11111111110101001010101010101000001010101000101010101010101010111011101110111110101010111111111111111
00000000010101001010101010101011101010101011101010101010111010101010111010101010101010111111000000000
11111111010101001010101010101000001010101010001010101010101010111111101110101110101010111111111111111
00000001010101001010101010101110111010101010111010101011101010101011101110101010101010111111110000000
11111101010101001010101010100010100010101010100010101010101010101000101010101110101010111111111111111
00000101010101001010101010101010101110101010101110101110101110111111101010101010101010111111111100000
11110101010101001010101010101010101000101010101000101010101010100010101010101110101010111111111111111
00010101010101001010101010101010101011101010101011111010101110111011101010101010101010111111111111000
11010101010101001010101010101010101010001010101010001010101010101010101010101010101010111111111111111
01010101010101001010101010101010101010111010101010111010101011101011101010101010101010111111111111110
01010101010101001010101010101010101010100010101010101010101010101010101010101010101010111111111111110
01010101010101001010101010101010101010101110101010101110101110101011101010101010101010111111111111110
01010101010101001010101010101010101010101000101010101010101010101010101010101010101010111111111111110
00010101010101001010101010101010101010101011101010101011111010101010101010101010101010111111111111100
00000000000000000000000000000000000000000000000000000000000000000000000000000000000000000000000000000
